; Dark ambient pluck with distinct response to note velocity and a sustained sub
; oscillator for low notes. The mod wheel adds high-passed echos and reverb
; (with a little bit of side-chain compression), and aftertouch adds more
; harmonics to high notes and makes bass notes growl. Pitch bends, besides
; affecting the currently sounding notes, also change the pitch of the ambience.
[js80p]
MAMPctl = 0.582031250
MVS = 0.400014541625977
MFLDctl = 0.605468750
MPRT = 0.000859146118164
MPRD = 0.250000998840333
MFINctl = 0.50
MSUBctl = 0.58593750
MC5 = 0.505396720886231
CPWctl = 0.589843750
CAMPctl = 0.582031250
CVS = 0.849976234436035
CPRT = 0.000901840209961
CPRD = 0.250000922546388
CFINctl = 0.50
CVOL = 0.190032058715820
EOG = 1.0
EF1FRQ = 0.953402575320112
EF1Q = 0.0
ETSAT = 1.0
ETCIN = 0.350017044067383
ECDPT = 0.199951278686523
ECHPF = 0.387958945294666
ECHPQ = 0.0
ECWET = 0.299978922097080
ECDRY = 0.700033235297145
EEDELctl = 0.55468750
EEFB = 0.600590510577412
EEDST = 0.049994338989258
EEDF = 0.844473215752335
EEWID = 0.749983711242676
EEHPF = 0.547434283292897
EEHPQ = 0.0
EECTH = 0.825003837585449
EECRL = 0.166367407078503
EECR = 0.016767707824707
EEWETctl = 0.527343750
EEDRYctl = 0.531250
ERRSZctl = 0.53906250
ERRS = 0.980978355407715
ERDST = 0.050023185729980
ERDF = 0.793826353143870
ERWID = 0.149988792419434
ERHPF = 0.547441953391889
ERHPQ = 0.0
ERCTH = 0.825000599964555
ERCRL = 0.166522459263561
ERCR = 0.008390525817871
ERWETctl = 0.535156250
ERDRY = 0.820047090737216
F1INctl = 0.503906250
F1MIN = 0.180045974731446
F1MAX = 0.070000068664551
F1DST = 0.300047348022461
F2MID = 1.0
F2INctl = 0.503906250
F2MIN = 1.0
F2MAX = 0.0
F2DST = 0.800016710672032
F3MID = 0.800007909384121
F3INctl = 0.5156250
F3DST = 0.299965705871582
F4INctl = 0.50781250
F4MIN = 0.004959091186523
F4MAX = 0.000857582092285
F4DST = 0.500001254989440
F5INctl = 0.003906250
F5MIN = 0.050034172058106
F5MAX = 0.299955187877976
F6INctl = 0.003906250
F6MIN = 0.950026832580566
F6MAX = 0.699992036474756
F7INctl = 0.003906250
F7MIN = 0.030040092468261
F7MAX = 0.180028830838491
F8MID = 0.666681497596834
F8INctl = 0.50
F8MIN = 0.222235118911928
F8MAX = 0.055524631913886
N1ATKctl = 0.52343750
N1HLD = 0.0
N1DECctl = 0.511718750
N1SUS = 0.0
N1REL = 0.116737574259440
N2AMTctl = 0.519531250
N2ATKctl = 0.52343750
N2DEC = 0.666638685857561
N2REL = 0.049990091959635
N3INI = 0.199965599060059
N3ATK = 0.050001912434896
N3PK = 0.300037765502930
N3HLD = 0.0
N3DECctl = 0.511718750
N3SUS = 0.449988494873046
N3REL = 0.083367243448893
N3FIN = 0.499991004943847
N3TIN = 0.099957420349121
N3VIN = 0.200047378540039
L2FRQ = 0.001684707641602
L2MIN = 0.324963653564453
L2MAX = 0.341646501012595
MWFM = 0.461538461538462
CWFM = 0.692307692307692
L2CEN = 1.0
EESYN = 1.0
MF1LOG = 1.0
EF1LOG = 1.0
ECLOG = 1.0
EELOG = 1.0
ERLOG = 1.0
ERTYP = 0.666666666666667
ECTYP = 0.428571428571429
N1ASH = 0.50
N2ASH = 0.50
N3ASH = 0.0
N1DSH = 0.50
N2DSH = 0.0
N3DSH = 0.0
N1RSH = 0.50
N2RSH = 0.0
N3RSH = 0.0
F2DSH = 0.333333333333333
ETDTP = 0.0
ETEND = 1.0
