; Slowly evolving pad sound with sci-fi vibe. The mod wheel destabilizes
; the tuning, the aftertouch increases that effect, and adds slight distortions.
[js80p]
PMctl = 0.566406250
AMctl = 0.52343750
MAMP = 0.60
MVS = 0.750
MFLDctl = 0.582031250
MDTN = 0.3750
MFINctl = 0.550781250
MWID = 0.550
MPANctl = 0.5781250
MVOLctl = 0.58593750
MF2FRQctl = 0.56250
MF2Qctl = 0.593750
CAMP = 1.0
CFLDctl = 0.574218750
CFINctl = 0.55468750
CWID = 0.6250
CPANctl = 0.558593750
CVOLctl = 0.597656250
CF1FRQctl = 0.57031250
CF1Qctl = 0.593750
CF2FRQctl = 0.60156250
CF2Qctl = 0.53906250
EOG = 0.30
ECFRQ = 0.00370
ECDPT = 0.360
ECFB = 0.7550
ECDF = 0.314999999999999
ECWID = 0.860
ECWET = 0.30
ECDRY = 0.70
EEFB = 0.600750750750751
EEDF = 0.149999999999999
EEWIDctl = 0.558593750
EEHPF = 0.020791699654152
EEWET = 0.160
EEDRY = 0.80
ERRS = 0.935750750750751
ERDF = 0.264999999999999
ERWIDctl = 0.5781250
ERHPF = 0.020791699654152
ERWET = 0.060
ERDRY = 0.90
F1INctl = 0.50
F1MIN = 0.310800000000001
F1MAX = 0.64420
F2INctl = 0.50
F2MIN = 0.350800000000001
F2MAX = 0.68420
F3INctl = 0.003906250
F3MINctl = 0.52343750
F3MAXctl = 0.527343750
F4INctl = 0.605468750
F4MIN = 0.10
F4MAX = 0.350
F5INctl = 0.605468750
F5MIN = 0.350
F6INctl = 0.50
F6MIN = 0.31330
F6MAX = 0.64670
F7INctl = 0.50
F7MIN = 0.353300000000001
F7MAX = 0.68670
F8INctl = 0.605468750
F8MIN = 0.030
F8MAX = 0.169999999999999
F9INctl = 0.503906250
F9MIN = 0.730000000000001
F9MAX = 0.160
F9DST = 0.350
F10INctl = 0.503906250
F10MIN = 0.690000000000001
F10MAX = 0.80
F10DST = 0.900000000000001
N1DEL = 0.1050
N1ATK = 0.518333333333334
N1PK = 0.560
N1HLD = 0.0450
N1DEC = 0.499935995733049
N1SUS = 0.350
N1REL = 0.076666666666667
N1FIN = 0.230
N2AMT = 0.270
N2ATK = 0.040
N2DEC = 0.334935995733049
N2SUS = 0.50
N2REL = 0.106666666666667
N4INI = 0.030
N4DEL = 0.160
N4ATK = 0.393333333333333
N4PK = 0.360
N4HLD = 0.050
N4DEC = 0.279935995733049
N4SUS = 0.160
N4REL = 0.076666666666667
N4FIN = 0.10
N5AMT = 0.270
N5ATK = 0.040
N5HLD = 0.0150
N5DEC = 0.239935995733049
N5REL = 0.106666666666667
N6INI = 0.630
N6DEL = 0.050
N6ATKctl = 0.542968750
N6PKctl = 0.5468750
N6DEC = 0.479935995733049
N6SUS = 0.680
N6REL = 0.081666666666667
N6FIN = 0.590
L1FRQ = 0.083011003667889
L1MINctl = 0.511718750
L1MAXctl = 0.5156250
L1AMTctl = 0.519531250
L2FRQ = 0.058011003667889
L2MINctl = 0.531250
L2MAXctl = 0.535156250
L2AMTctl = 0.519531250
L3FRQ = 0.00120
L3PHS = 0.3350
L3MIN = 0.30
L3MAX = 0.70
L4FRQ = 0.00220
L4MIN = 0.60
L4MAX = 0.90
L4DST = 0.080
L5FRQ = 0.00070
L5PHS = 0.3350
L5MIN = 0.030
L5MAX = 0.119999999999999
L5DST = 0.050
L6FRQ = 0.00160
L6MIN = 0.720000000000001
L6MAX = 0.960
L6DST = 0.0250
L7FRQ = 0.00050
L7MINctl = 0.52343750
L7MAXctl = 0.527343750
L7DST = 0.10
L8FRQ = 0.00120
L8MIN = 0.30
L8MAX = 0.70
MWAV = 0.666666666666667
CWAV = 0.222222222222222
L1CEN = 1.0
L2CEN = 1.0
L3CEN = 1.0
L8CEN = 1.0
MF1LOG = 1.0
MF2LOG = 1.0
CF1LOG = 1.0
CF2LOG = 1.0
EF1LOG = 1.0
EF2LOG = 1.0
