; Turn the mod wheel down and play with low velocity for a soft, smooth, warm,
; and fat analog brass sound. Turn it up and play fortissimo for big bright
; swells. Aftertouch adds a slow vibrato.
[js80p]
MAMP = 1.0
MVS = 0.450
MFLDctl = 0.53906250
MFINctl = 0.550781250
MWID = 0.60
MVOLctl = 0.582031250
MSUBctl = 0.593750
MF1FRQctl = 0.597656250
MF1FIA = 0.030
MF1QIA = 0.030
MF2FRQctl = 0.589843750
MF2FIA = 0.030
MF2QIA = 0.030
CAMPctl = 0.531250
CVS = 0.60
CFLDctl = 0.535156250
CFINctl = 0.550781250
CWID = 0.60
CVOLctl = 0.582031250
CF1FRQctl = 0.597656250
CF1FIA = 0.030
CF1QIA = 0.030
CF2FRQctl = 0.58593750
CF2FIA = 0.030
CF2QIA = 0.030
EOG = 0.170
EF2FRQ = 0.953401855974661
EF2Q = 0.003333333333333
ECDPT = 0.360
ECFB = 0.30
ECWID = 0.950
ECWET = 0.20
ECDRY = 0.80
EEFB = 0.730750750750751
EEDF = 0.206637761540552
EEWID = 0.10
EEHPF = 0.005791699654152
EECR = 0.0150
EEWET = 0.30
EEDRY = 0.70
ERRS = 0.935750750750751
ERDF = 0.136813870741561
ERWID = 0.90
ERHPF = 0.005791699654152
ERCR = 0.010
ERWET = 0.050
ERDRY = 0.950
F1INctl = 0.503906250
F1MIN = 0.860000000000001
F1AMTctl = 0.527343750
F2INctl = 0.503906250
F2MIN = 0.610
F2MAX = 0.960
F2AMTctl = 0.527343750
F2DST = 0.10
F3INctl = 0.503906250
F3MIN = 0.560
F3MAX = 0.770
F3AMTctl = 0.527343750
F3DST = 0.10
F4INctl = 0.503906250
F4MIN = 0.530
F4MAX = 0.610
F4AMTctl = 0.527343750
F5INctl = 0.50781250
F5MIN = 0.370
F5DST = 0.120
F6INctl = 0.003906250
F6MIN = 0.0050
F6MAX = 0.699999999999999
F7INctl = 0.605468750
F7MIN = 0.030
F7MAX = 0.270
F8INctl = 0.605468750
F8MIN = 0.010
F8MAX = 0.110
F9INctl = 0.50781250
F9MIN = 0.060
F9MAX = 0.120
F10INctl = 0.50781250
F10MIN = 0.020
F10MAX = 0.060
F11INctl = 0.61718750
F11DST = 1.0
F12INctl = 0.503906250
F12MIN = 0.570
F12MAX = 0.0
F12DST = 0.60
F13INctl = 0.50
F13MIN = 0.2150
F13MAX = 0.7150
F14INctl = 0.50
F14MIN = 0.2850
F14MAX = 0.7850
F15INctl = 0.605468750
F15MINctl = 0.63281250
F16INctl = 0.003906250
F16MIN = 0.010
F16MAX = 0.070
F17INctl = 0.50781250
F17MIN = 0.150
F17MAX = 0.030
F17DST = 0.20
F18INctl = 0.50781250
F18MIN = 0.60
F18MAX = 0.980
F18DST = 0.30
F19INctl = 0.503906250
F19MINctl = 0.636718750
F19MAX = 0.010
F19DST = 0.150
F20INctl = 0.503906250
F20MIN = 0.00560
F20MAX = 0.00060
F20AMTctl = 0.527343750
F20DST = 0.350
N1AMT = 0.50
N1ATKctl = 0.64843750
N1HLD = 0.010
N1DEC = 0.239935995733049
N1REL = 0.061666666666667
N1TIN = 0.0050
N1VIN = 0.0050
N2INIctl = 0.519531250
N2DEL = 0.0050
N2ATK = 0.048333333333333
N2PKctl = 0.511718750
N2HLD = 0.0150
N2DECctl = 0.542968750
N2SUSctl = 0.5156250
N2REL = 0.061666666666667
N2FINctl = 0.519531250
N2TIN = 0.030
N2VIN = 0.030
N3INIctl = 0.52343750
N3DEL = 0.0050
N3ATKctl = 0.644531250
N3PKctl = 0.5156250
N3HLD = 0.0050
N3DECctl = 0.5468750
N3SUSctl = 0.519531250
N3REL = 0.061666666666667
N3FINctl = 0.52343750
N3TIN = 0.030
N3VIN = 0.030
N4AMTctl = 0.613281250
N4DEC = 1.0
N4SUS = 0.80
N4REL = 0.061666666666667
N4TIN = 0.030
N4VIN = 0.030
N5AMTctl = 0.6406250
N5INI = 1.0
N5SUS = 1.0
N5REL = 0.061666666666667
N5FIN = 1.0
N5TIN = 0.030
N5VIN = 0.030
L1FRQ = 0.049611003667889
L1MINctl = 0.621093750
L1MAXctl = 0.6250
L1AMTctl = 0.628906250
MWAV = 0.222222222222222
CWAV = 0.111111111111111
L1CEN = 1.0
L1SYN = 1.0
EESYN = 1.0
MF1LOG = 1.0
MF2LOG = 1.0
CF1LOG = 1.0
CF2LOG = 1.0
EF1LOG = 1.0
EF2LOG = 1.0
ERTYP = 1.0
ECTYP = 0.285714285714286
MTUN = 1.0
CTUN = 1.0
MOIA = 0.116666666666667
MOIS = 0.116666666666667
COIA = 0.133333333333333
COIS = 0.133333333333333
N1ASH = 0.0
N2ASH = 0.0
N3ASH = 0.0
N4ASH = 0.0
N5ASH = 0.0
N1DSH = 0.50
N2DSH = 0.50
N3DSH = 0.50
N4DSH = 0.50
N5DSH = 0.50
N1RSH = 0.583333333333333
N2RSH = 0.583333333333333
N3RSH = 0.583333333333333
N4RSH = 0.583333333333333
N5RSH = 0.583333333333333
