; Pulse-width-modulated chiptune sound with a healthy dose of pitch modulation.
; The mod wheel controls the modulation amount, note velocity controls loudness
; and brightness, and aftertouch adds emphasis.
[js80p]
MPWctl = 0.55468750
MAMPctl = 0.582031250
MFINctl = 0.550781250
MVOLctl = 0.542968750
MF1FRQ = 0.297036577376177
MF1Q = 0.0
MF2FRQctl = 0.589843750
MF2Q = 0.099996615498861
CPWctl = 0.55468750
CAMPctl = 0.582031250
CFINctl = 0.550781250
CVOLctl = 0.5468750
CDG = 0.199997383117676
CF1FRQ = 0.296785172323945
CF1Q = 0.0
CF2FRQctl = 0.60156250
CF2Q = 0.100010741933187
EOG = 1.0
EF1FRQ = 0.953399930712172
EEFB = 0.333681803912372
EEDST = 0.099951118469238
EEDF = 0.903817276019432
EEWID = 0.900372503662109
EEHPF = 0.49680115057650
EECR = 0.020183502197266
EEWET = 0.150016517639160
ERRS = 0.800787516802998
ERDST = 0.049973236083984
ERDF = 0.862453980708731
ERWID = 1.0
ERHPF = 0.496796837009541
ERCR = 0.008389297485352
ERWET = 0.029979545593262
F1INctl = 0.50
F1MIN = 0.249959922790528
F1MAX = 0.50000251007080
F2INctl = 0.50
F2MIN = 0.500024803161621
F2MAX = 0.750032733154298
F3MID = 0.100029747009277
F3INctl = 0.003906250
F3DST = 0.333080993652344
F4INctl = 0.003906250
F4MIN = 0.860972206115722
F4MAX = 0.931081611633301
F5INctl = 0.503906250
F5MIN = 0.720015571594238
F5MAXctl = 0.531250
F6INctl = 0.50781250
F6MIN = 0.769978080749511
F6MAX = 0.969950622558594
F6DST = 0.499955583190918
F7INctl = 0.503906250
F7MIN = 0.499990641784668
F7MAX = 0.200033236694338
F8MID = 0.599981918334961
F8INctl = 0.503906250
F8MIN = 0.010028221130371
F8DST = 1.0
F9INctl = 0.605468750
F9MIN = 0.333331359863281
F9MAX = 0.049965866088867
F10INctl = 0.605468750
F10MIN = 0.050018383789062
F10MAX = 0.450002151489258
N1ATK = 0.000886367797852
N1DECctl = 0.535156250
N1SUS = 0.500033882141113
N1REL = 0.033378046671549
N2INI = 0.100033523559570
N2ATK = 0.055534001668294
N2DECctl = 0.535156250
N2SUS = 0.020500053405762
N2REL = 0.033263956705729
N3AMTctl = 0.527343750
N3INI = 0.970009109497070
N3PK = 0.970016761779785
N3DEC = 0.466610808049943
N3SUS = 0.800030799865722
N3REL = 0.033399111429850
N3FIN = 0.699989543151857
N4AMTctl = 0.53906250
N4INI = 1.0
N4SUS = 1.0
N4FIN = 1.0
N6AMTctl = 0.527343750
N6INI = 1.0
N6DEC = 0.466660078679826
N6SUS = 0.900043685913087
N6REL = 0.033413813273112
N6FIN = 0.800045074462890
L1PW = 0.230333770751953
L1FRQctl = 0.52343750
L1MINctl = 0.511718750
L1MAXctl = 0.5156250
L1AMTctl = 0.519531250
L1DST = 0.499956216430664
L2FRQ = 0.437841873242247
L2MIN = 0.100033592224121
L2MAX = 0.900622123718262
L3FRQctl = 0.52343750
L3MINctl = 0.511718750
L3MAXctl = 0.5156250
L3AMTctl = 0.519531250
MWFM = 0.692307692307692
CWFM = 0.692307692307692
MF1TYP = 0.166666666666667
CF1TYP = 0.166666666666667
CDT = 0.045454545454545
L1WFM = 0.916666666666667
L3WFM = 0.583333333333333
L1LOG = 1.0
L2LOG = 1.0
L3LOG = 1.0
L1CEN = 1.0
L3CEN = 1.0
EESYN = 1.0
MF1LOG = 1.0
MF2LOG = 1.0
CF1LOG = 1.0
CF2LOG = 1.0
EF1LOG = 1.0
EELOG = 1.0
ERLOG = 1.0
ERTYP = 1.0
MOIA = 0.083333333333333
MOIS = 0.10
COIA = 0.10
COIS = 0.083333333333333
L1AEN = 0.250
L2AEN = 0.083333333333333
L3AEN = 0.250
N1ASH = 0.583333333333333
N2ASH = 0.0
N1DSH = 0.0
N2DSH = 0.0
N3DSH = 0.0
N1RSH = 0.0
N2RSH = 0.0
F3DSH = 0.333333333333333
MFX4 = 1.0
CFX4 = 1.0
