; The patch from the first demo video of JS80P. The mod wheel makes the sound
; brighter, the volume knob (CC 7) adjusts the inverse sawtooth LFO which
; controls the filter before the wavefolder.
[js80p]
MAMP = 1.0
MVS = 0.360
MFLDctl = 0.52343750
MFINctl = 0.550781250
MWID = 0.580
MPANctl = 0.535156250
MVOLctl = 0.582031250
MF1FRQ = 0.150
MF1Qctl = 0.558593750
MF2FRQctl = 0.58593750
MF2G = 0.541666666666667
CAMP = 1.0
CVS = 0.360
CFLDctl = 0.52343750
CFINctl = 0.55468750
CWID = 0.580
CPANctl = 0.53906250
CVOLctl = 0.582031250
CF1FRQ = 0.150
CF1Qctl = 0.558593750
CF2FRQctl = 0.58593750
CF2G = 0.541666666666669
EOG = 0.20
EF1FRQ = 0.149972222222222
EF1G = 0.625066666666666
EF2FRQ = 0.02380
EF2Q = 0.018166666666667
EF2G = 0.56950
EEDEL = 0.143866666666668
EEFB = 0.550550750750751
EEDF = 0.179077777777778
EEDG = 0.743564879133093
EEWID = 0.8750
EEHPF = 0.0040
EEWET = 0.280
EEDRY = 0.930
ERRS = 0.800800000000004
ERDF = 0.258766666666668
ERWID = 0.150
ERHPF = 0.0040
ERWET = 0.070
ERDRY = 0.930
F1INctl = 0.50
F1MIN = 0.40880
F1MAX = 0.58720
F2INctl = 0.50
F2MIN = 0.41240
F2MAX = 0.591599999999999
F3INctl = 0.50781250
F3MIN = 0.20
F3MAX = 0.00560
F4INctl = 0.003906250
F4MAX = 0.50
F5INctl = 0.50781250
F5MIN = 0.0630
F5MAX = 0.720
F5AMTctl = 0.503906250
F5DST = 0.320
F6INctl = 0.503906250
F6MIN = 0.250
F6MAX = 0.030
F6DST = 0.50
F7INctl = 0.003906250
F7MIN = 0.250
F7MAX = 0.140
F8INctl = 0.003906250
F8MIN = 0.750
F8MAX = 0.860
F9INctl = 0.50
F9MIN = 0.41380
F9MAX = 0.59220
F10INctl = 0.50
F10MIN = 0.417400000000001
F10MAX = 0.596599999999999
N1AMT = 0.380
N1ATKctl = 0.519531250
N1HLD = 0.0050
N1DEC = 0.099935995733049
N1REL = 0.060
N2AMTctl = 0.527343750
N2INI = 0.550
N2DELctl = 0.531250
N2ATKctl = 0.531250
N2HLD = 0.010
N2DEC = 0.159935995733049
N2SUS = 0.350
N2REL = 0.030
N2FIN = 0.20
L1FRQ = 0.168011003667889
L1MINctl = 0.511718750
L1MAXctl = 0.542968750
L2FRQ = 0.168011003667889
L2MINctl = 0.5156250
L2MAXctl = 0.5468750
L3FRQ = 0.160111003667889
L3MIN = 0.030
L3MAXctl = 0.56250
L3AMTctl = 0.027343750
L3DST = 0.480
L4FRQ = 0.01470
L4MIN = 0.060
L4MAX = 0.379999999999999
L4DST = 0.320
MWAV = 0.222222222222222
CWAV = 0.222222222222222
MF2TYP = 1.0
CF2TYP = 1.0
EF1TYP = 1.0
EF2TYP = 0.666666666666667
L3WAV = 0.3750
