; A bass jumping up and down between two octaves. The mod wheel adds a vibrato
; effect, while aftertouch brightens the sound and shortens the notes.
[js80p]
MPWctl = 0.57031250
MAMPctl = 0.55468750
MFLDctl = 0.527343750
MPRT = 0.001750900268555
MFINctl = 0.5781250
MVOLctl = 0.550781250
MF1FRQctl = 0.52343750
MF1Q = 0.0
MF2FRQ = 0.296865823325446
MF2Q = 0.0
CPWctl = 0.57031250
CAMPctl = 0.56250
CFLDctl = 0.527343750
CPRT = 0.001675163269043
CDTN = 0.3750
CFINctl = 0.5781250
CVOLctl = 0.550781250
CF1FRQctl = 0.52343750
CF1Q = 0.0
CF2FRQ = 0.297189131351115
CF2Q = 0.0
EOG = 1.0
EF1FRQ = 0.953399403468163
EF1Q = 0.0
ECDPT = 0.299957854673088
ECHPF = 0.008286450630715
ECHPQ = 0.0
ECWET = 0.199976684570313
ECDRY = 0.800026855468749
ERDST = 0.049972969055176
ERWID = 0.849984024047851
ERCR = 0.008441551208496
ERWET = 0.010028266906738
F1INctl = 0.50
F1MIN = 0.249975675964356
F1MAX = 0.500049567413330
F2INctl = 0.50
F2MIN = 0.500027681077703
F2MAX = 0.749972716979980
F3INctl = 0.003906250
F3DST = 0.700021382251417
F4INctl = 0.503906250
F4MIN = 0.660033287048339
F4MAXctl = 0.535156250
F5INctl = 0.605468750
F5MIN = 0.299973678588867
F5MAX = 0.499991685798369
F6INctl = 0.605468750
F6MIN = 0.95000934600830
F6MAX = 0.749986989584314
F6DST = 0.630018844604492
F7INctl = 0.605468750
F7MIN = 0.770014519197396
F7MAX = 0.949994728088379
F7DST = 0.500025573730468
F8INctl = 0.503906250
F8MIN = 0.500036586623594
F8MAX = 0.049964517616363
N1INI = 1.0
N1SUS = 1.0
N1FIN = 1.0
N2DECctl = 0.53906250
N2REL = 0.083397202794332
L1PWctl = 0.531250
L1FRQ = 0.066371082943217
L1PHS = 0.499871994018554
L1MAX = 0.500048828584602
L1DST = 0.499958374023437
L2MAX = 0.900026510951032
L2DST = 0.150031852722168
L4PHS = 0.499939704895019
L4DST = 0.150039207458496
L6MIN = 0.149985473632813
L6MAX = 0.299955520262201
L8FRQ = 0.099709049879224
L8PHS = 0.500113753445176
L8MINctl = 0.511718750
L8MAXctl = 0.5156250
L8AMTctl = 0.519531250
MWFM = 0.692307692307692
CWFM = 0.692307692307692
MF2TYP = 0.166666666666667
CF2TYP = 0.166666666666667
EOTP = 0.037037037037037
L1WFM = 0.833333333333333
L2WAV = 0.3750
L4WAV = 0.3750
L6WAV = 0.250
L8CEN = 1.0
L1SYN = 1.0
L2SYN = 1.0
L4SYN = 1.0
L6SYN = 1.0
L8SYN = 1.0
MF1LOG = 1.0
MF2LOG = 1.0
CF1LOG = 1.0
CF2LOG = 1.0
EF1LOG = 1.0
EF2LOG = 1.0
NH = 0.0
ERTYP = 0.666666666666667
ECTYP = 0.785714285714286
L1AEN = 0.083333333333333
L2AEN = 0.0
L4AEN = 0.0
L6AEN = 0.0
L8AEN = 0.0
N2SYN = 1.0
N2ASH = 0.0
N2DSH = 0.0
N2RSH = 0.0
F3DSH = 0.333333333333333
F6DSH = 0.333333333333333
