; A recreation of the iconic resonant bass sweep from Tom Sawyer by Rush.
[js80p]
MAMP = 1.0
MFLDctl = 0.531250
MPRT = 0.0050
MFINctl = 0.550781250
MPAN = 0.7250
MVOLctl = 0.582031250
MSUB = 1.0
MF1FRQctl = 0.58593750
MF1Qctl = 0.589843750
MF1FIA = 0.110
MF1QIA = 0.050
MF2FRQctl = 0.593750
MF2Qctl = 0.589843750
MF2FIA = 0.110
MF2QIA = 0.050
CAMP = 1.0
CFLDctl = 0.531250
CPRT = 0.0050
CDTN = 0.3750
CFINctl = 0.55468750
CPAN = 0.2750
CVOLctl = 0.597656250
CDG = 0.10
CF1FRQctl = 0.58593750
CF1Qctl = 0.589843750
CF1FIA = 0.110
CF1QIA = 0.050
CF2FRQctl = 0.593750
CF2Qctl = 0.589843750
CF2FIA = 0.110
CF2QIA = 0.050
EOG = 0.350
EDGctl = 0.542968750
EF2FRQ = 0.953399950624587
ECDPT = 0.20
ECFB = 0.4950
ECDF = 0.379999999999999
ECWID = 0.10
ECWET = 0.50
ERRS = 0.830750750750751
ERDF = 0.119999999999999
ERDG = 0.748564879133092
ERWID = 0.10
ERCR = 0.010
ERWET = 0.050
EV3V = 0.499999999999999
F1INctl = 0.503906250
F1MINctl = 0.535156250
F1MAX = 0.720
F1DST = 0.150
F2INctl = 0.503906250
F2MINctl = 0.53906250
F2MAX = 0.640
F3INctl = 0.003906250
F3MIN = 0.050
F3MAX = 0.229999999999999
F4INctl = 0.50
F4MIN = 0.31330
F4MAX = 0.646699999999999
F5INctl = 0.50
F5MIN = 0.35330
F5MAX = 0.68670
F6INctl = 0.003906250
F6MIN = 0.150
F6MAX = 0.199999999999999
F7INctl = 0.605468750
F7MIN = 0.480
F7MAX = 0.730
F8INctl = 0.605468750
F8MIN = 0.50
F8MAX = 0.750
F9INctl = 0.003906250
F9MIN = 0.050
F9MAX = 0.119999999999999
N1AMT = 0.299999999999999
N1ATK = 0.00090
N1DEC = 0.129935995733049
N1SUS = 0.80
N1VIN = 0.010
N2INI = 0.80
N2ATK = 0.00050
N2PK = 0.970
N2HLD = 0.00580
N2DEC = 0.169935995733049
N2SUSctl = 0.511718750
N2FIN = 0.60
N2TIN = 0.0050
N2VIN = 0.030
N3INI = 0.70
N3ATK = 0.076633333333333
N3PK = 0.90
N3HLD = 0.030
N3DEC = 0.099935995733049
N3SUS = 0.20
N3FIN = 0.010
N3TIN = 0.010
N3VIN = 0.020
N4INI = 0.800000000000001
N4ATK = 0.00160
N4PK = 0.90
N4HLD = 0.0050
N4DEC = 0.168635995733049
N4SUSctl = 0.5156250
N4FIN = 0.50
N4TIN = 0.0050
N4VIN = 0.030
N5AMT = 0.50
N5ATK = 0.00080
N5DEC = 0.129935995733049
N5SUS = 0.80
N5VIN = 0.010
L1FRQ = 0.099611003667890
L1MINctl = 0.52343750
L1MAXctl = 0.527343750
L1AMTctl = 0.519531250
L1DST = 0.10
L2FRQ = 0.099611003667889
L2PHS = 0.2050
L2MINctl = 0.52343750
L2MAXctl = 0.527343750
L2AMTctl = 0.519531250
L2DST = 0.10
MWAV = 0.777777777777778
CWAV = 0.777777777777778
L1CEN = 1.0
L2CEN = 1.0
L1SYN = 1.0
L2SYN = 1.0
MF1LOG = 1.0
MF2LOG = 1.0
CF1LOG = 1.0
CF2LOG = 1.0
EF1LOG = 1.0
EF2LOG = 1.0
N2DYN = 1.0
N4DYN = 1.0
POLY = 0.0
ERTYP = 1.0
ECTYP = 0.285714285714286
MOIA = 0.283333333333333
MOIS = 0.216666666666667
COIA = 0.266666666666667
COIS = 0.233333333333333
