; Thick lead sound. Aftertouch adds vibrato and harmonics, mod wheel opens up
; the filter and adds a tremolo effect. Filtering also responds to note velocity.
[js80p]
PM = 0.160
MAMPctl = 0.550781250
MVS = 0.350
MFLDctl = 0.527343750
MFINctl = 0.566406250
MWID = 0.6250
MVOLctl = 0.582031250
MF1FRQctl = 0.58593750
MF1Q = 0.108333333333333
MF2FRQ = 0.951858908040694
CAMPctl = 0.542968750
CFLDctl = 0.57031250
CDTN = 0.3750
CFINctl = 0.566406250
CWID = 0.550
CPANctl = 0.558593750
CVOLctl = 0.582031250
EDG = 0.230
EF1FRQctl = 0.52343750
EF1Q = 0.010
ECDEL = 0.015000001772429
ECFRQ = 0.005550372518626
ECDPT = 0.30
ECFB = 0.5050
ECDF = 0.447500000000001
ECWID = 0.860
ECWETctl = 0.535156250
ECDRY = 0.70
EEFB = 0.600750750750751
EEWID = 0.80
EEHPF = 0.015791699654152
EEWET = 0.250
EEDRY = 0.60
ERRS = 0.860750750750751
ERDF = 0.815099704425247
ERWID = 0.20
ERHPF = 0.623360781902184
ERWETctl = 0.6406250
ERDRY = 0.60
F1INctl = 0.503906250
F1MINctl = 0.5156250
F1MAXctl = 0.519531250
F1DST = 0.160
F2INctl = 0.50781250
F2MIN = 0.5550
F2MAX = 0.690
F3INctl = 0.50781250
F3MIN = 0.710000000000001
F3MAX = 0.990
F4INctl = 0.003906250
F4MINctl = 0.53906250
F5INctl = 0.605468750
F5MIN = 0.120
F5MAX = 0.450
F6INctl = 0.003906250
F6MIN = 0.030
F6DST = 0.50
F7INctl = 0.003906250
F7MIN = 0.10
F7MAX = 0.30
F8INctl = 0.605468750
F8MIN = 0.640
F8MAX = 0.860
F9INctl = 0.003906250
F9MIN = 0.330
F9MAX = 0.80
F10INctl = 0.503906250
F10MIN = 0.00120
F10MAX = 0.050
F10AMTctl = 0.613281250
F10DST = 0.50
F11INctl = 0.50781250
F11MIN = 1.0
F11MAX = 0.150
F12INctl = 0.503906250
F12MIN = 0.360
F12MAX = 0.014999999999999
F12AMTctl = 0.613281250
F12DST = 0.30
F13INctl = 0.003906250
F13MINctl = 0.63281250
F13MAXctl = 0.636718750
F14INctl = 0.50
F14MIN = 0.31830
F14MAX = 0.65170
F15INctl = 0.50
F15MIN = 0.348299999999999
F15MAX = 0.68170
F16INctl = 0.605468750
F16MIN = 0.050
F16MAX = 0.450
F17INctl = 0.605468750
F17MIN = 0.50
F18INctl = 0.003906250
F18MIN = 0.060
F18MAX = 0.160
F19INctl = 0.50781250
F19MIN = 0.070
F19MAX = 0.0150
N1AMT = 0.330
N1ATKctl = 0.5468750
N1DECctl = 0.61718750
N1SUS = 0.60
N1RELctl = 0.644531250
N2INIctl = 0.511718750
N2PKctl = 0.511718750
N2SUSctl = 0.511718750
N2FINctl = 0.511718750
L1FRQctl = 0.55468750
L1MIN = 0.450
L1AMTctl = 0.531250
L1DSTctl = 0.56250
L2FRQ = 0.008611003667889
L2MIN = 0.070
L2MAX = 0.250
L2DST = 0.10
L2RND = 0.10
L3FRQ = 0.00530
L3MIN = 0.30
L3MAX = 0.70
L4FRQ = 0.00280
L4MAX = 0.70
L4DST = 0.80
L5FRQ = 0.209811003667889
L5MINctl = 0.6250
L5MAXctl = 0.628906250
L5AMTctl = 0.621093750
L6FRQ = 0.003432704865345
L6MIN = 0.070
L6MAX = 0.219999999999999
L6AMTctl = 0.003906250
L6DST = 0.230
MWAV = 0.333333333333333
L1WAV = 0.750
L2WAV = 0.750
L1CEN = 1.0
L3CEN = 1.0
L5CEN = 1.0
ECSYN = 1.0
EESYN = 1.0
MF1LOG = 1.0
MF2LOG = 1.0
CF1LOG = 1.0
CF2LOG = 1.0
EF1LOG = 1.0
EF2LOG = 1.0
ERLOG = 1.0
