; Ever evolving pulse width modulated bass sound. The mod wheel adds a tremolo
; effect, aftertouch slightly brightens and emphasizes the sound while also
; adjusting the tremolo's timing.
[js80p]
MPWctl = 0.55468750
MAMPctl = 0.582031250
MFLDctl = 0.542968750
MPRT = 0.010898117065430
MFINctl = 0.511718750
MVOLctl = 0.550781250
MSUBctl = 0.582031250
MF2FRQctl = 0.58593750
MF2Q = 0.166680562337240
CPWctl = 0.56250
CAMPctl = 0.582031250
CFLDctl = 0.542968750
CPRT = 0.010850532531738
CDTN = 0.3750
CFINctl = 0.511718750
CVOLctl = 0.550781250
CF2FRQctl = 0.58593750
CF2Q = 0.166679199218750
EOG = 1.0
EF1FRQ = 0.953399740015571
EF1Q = 0.0
ECDPT = 0.300000389099121
ECDF = 0.291969184875488
ECWID = 0.685013992309570
ECHPF = 0.006207761055519
ECHPQ = 0.0
ECWET = 0.150001777648926
ECDRY = 0.849963058471678
F1MID = 0.749978591918945
F1INctl = 0.50
F1MIN = 0.124999773101806
F1MAX = 0.625014914258474
F2INctl = 0.605468750
F2MAX = 0.500039521458637
F2DST = 0.199957046508789
F3INctl = 0.605468750
F3MIN = 0.549970489501952
F3MAX = 0.199993522644043
F4INctl = 0.003906250
F4DST = 0.500019798094967
F5INctl = 0.503906250
F5MIN = 0.920035278320313
F5MAX = 0.990046409606933
F6INctl = 0.503906250
F6MIN = 0.700035858154295
F6MAX = 0.900011482238770
F7INctl = 0.503906250
F7MIN = 0.500018422138259
F7MAX = 0.049953650233257
F8INctl = 0.605468750
F8MIN = 0.600015644211368
F8MAX = 0.980033294677735
F9INctl = 0.605468750
F9MIN = 0.150043952941895
F9MAX = 0.199957704383207
N1ATK = 0.001622891743978
N1DECctl = 0.535156250
N1REL = 0.050052324930827
N2INI = 0.570045173736939
N2PKctl = 0.527343750
N2DECctl = 0.535156250
N2SUSctl = 0.531250
N2REL = 0.049998514811198
N2FIN = 0.700740720725921
L1PWctl = 0.519531250
L1FRQ = 0.133049629974366
L1MIN = 0.333345420837402
L1MAX = 0.0
L1AMTctl = 0.52343750
L1DST = 0.150028839111328
L2FRQ = 0.004654709095606
L2PHSctl = 0.5156250
L2MIN = 0.100031745910645
L2MAX = 0.350009232026986
L4FRQ = 0.004676576045069
L4PHSctl = 0.5156250
L4MIN = 0.349981338500977
L4MAX = 0.100022955285497
MWFM = 0.769230769230769
CWFM = 0.692307692307692
EOT = 0.045454545454545
L1WFM = 0.833333333333333
L1SYN = 1.0
MF1LOG = 1.0
MF2LOG = 1.0
CF1LOG = 1.0
CF2LOG = 1.0
EF1LOG = 1.0
EF2LOG = 1.0
ECLLG = 1.0
NH = 0.0
ECTYP = 0.785714285714286
MOIA = 0.116666666666667
MOIS = 0.10
COIA = 0.10
COIS = 0.116666666666667
N1ASH = 0.50
N2ASH = 0.0
N1DSH = 0.0
N2DSH = 0.0
N1RSH = 0.50
N2RSH = 0.50
F2DSH = 0.333333333333333
F4DSH = 0.333333333333333
MFX4 = 1.0
CFX4 = 1.0
