[js80p]
MAMP = 1.0
MVS = 0.40
MFLDctl = 0.542968750
MFINctl = 0.550781250
MWID = 0.60
MVOLctl = 0.582031250
MSUBctl = 0.58593750
MF1FRQctl = 0.589843750
MF1Q = 0.0050
MF1FIA = 0.060
MF1QIA = 0.030
MF2FRQctl = 0.53906250
MF2FIA = 0.060
MF2QIA = 0.030
CAMP = 0.0
CVOL = 0.0
EOG = 0.50
EDGctl = 0.61718750
EF2FRQ = 0.953399914005182
EF2Q = 0.0050
ECDPT = 0.30
ECFB = 0.3150
ECWID = 0.90
ECWET = 0.30
ECDRY = 0.70
EEFB = 0.800750750750751
EEDF = 0.249999999999999
EEWID = 0.950
EEHPF = 0.015791699654152
EECTH = 0.810
EECR = 0.01680
EEWETctl = 0.6250
EEDRY = 0.80
ERRS = 0.905750750750751
ERDF = 0.20
ERWID = 0.0
ERHPF = 0.015791699654152
ERCTH = 0.810
ERCR = 0.00840
ERWETctl = 0.621093750
ERDRY = 0.90
F1INctl = 0.503906250
F1MIN = 1.0
F1MAX = 0.0
F1DST = 0.230
F3INctl = 0.50781250
F3MINctl = 0.52343750
F3MAX = 0.00010
F4INctl = 0.503906250
F4MIN = 0.020
F4MAX = 0.0050
F5INctl = 0.531250
F5MIN = 0.0050
F5MAX = 0.50
F5AMTctl = 0.50781250
F5DST = 0.20
F6INctl = 0.503906250
F6MIN = 1.0
F6MAX = 0.0
F7INctl = 0.50781250
F7MIN = 0.720000000000001
F7AMTctl = 0.503906250
F7DST = 0.10
F8INctl = 0.003906250
F8MIN = 0.700000000000001
F9INctl = 0.605468750
F9MINctl = 0.6406250
F9MAX = 0.170
F10INctl = 0.503906250
F10MIN = 0.10
F10MAX = 0.010
F10AMTctl = 0.50781250
F12INctl = 0.003906250
F12MIN = 0.050
F12MAX = 0.120
F13INctl = 0.003906250
F13MIN = 0.090
F13MAX = 0.120
F14INctl = 0.003906250
F14MIN = 0.20
F14MAX = 0.30
F15INctl = 0.605468750
F15MIN = 0.20
F16INctl = 0.50
F16MIN = 0.30830
F16MAX = 0.641699999999999
F17INctl = 0.50
F17MIN = 0.35830
F17MAX = 0.69170
F18INctl = 0.003906250
F18MAX = 0.120
F18DST = 0.20
F20INctl = 0.50781250
F20MIN = 0.860
F20MAX = 0.990
N1AMT = 0.50
N1ATKctl = 0.519531250
N1HLD = 0.010
N1DECctl = 0.527343750
N1SUS = 0.50
N1REL = 0.026666666666667
N2AMTctl = 0.511718750
N2ATKctl = 0.519531250
N2DEC = 0.199935995733049
N2SUS = 0.80
N2REL = 0.026666666666667
N3AMTctl = 0.535156250
N3INI = 0.720
N3ATKctl = 0.5468750
N3PKctl = 0.64843750
N3HLD = 0.010
N3DECctl = 0.527343750
N3SUS = 0.830
N3REL = 0.026666666666667
N3FIN = 0.700000000000001
L1FRQ = 0.099611003667889
L1MINctl = 0.63281250
L1MAXctl = 0.636718750
L1AMTctl = 0.628906250
MWAV = 0.111111111111111
L1CEN = 1.0
L1SYN = 1.0
EESYN = 1.0
MF1LOG = 1.0
MF2LOG = 1.0
CF1LOG = 1.0
CF2LOG = 1.0
EF1LOG = 1.0
EF2LOG = 1.0
ERTYP = 0.888888888888889
ECTYP = 0.50
MOIA = 0.133333333333333
MOIS = 0.233333333333333
